name: bls
channels:
  - conda-forge
  - defaults
dependencies:
  - brotlipy=0.7.0=py39hb82d6ee_1001
  - ca-certificates=2021.10.8=h5b45459_0
  - certifi=2021.10.8=py39hcbf5309_0
  - cffi=1.14.6=py39h0878f49_1
  - chardet=4.0.0=py39hcbf5309_1
  - charset-normalizer=2.0.0=pyhd8ed1ab_0
  - cryptography=35.0.0=py39hd8d06c1_0
  - git=2.33.1=h57928b3_0
  - idna=3.1=pyhd3deb0d_0
  - openssl=1.1.1l=h8ffe710_0
  - pip=21.3=pyhd8ed1ab_0
  - pycparser=2.20=pyh9f0ad1d_2
  - pyopenssl=21.0.0=pyhd8ed1ab_0
  - pysocks=1.7.1=py39hcbf5309_3
  - python=3.9.7=h7840368_3_cpython
  - python_abi=3.9=2_cp39
  - requests=2.26.0=pyhd8ed1ab_0
  - setuptools=58.2.0=py39hcbf5309_0
  - six=1.16.0=pyh6c4a22f_0
  - sqlite=3.36.0=h8ffe710_2
  - tzdata=2021d=he74cb21_0
  - ucrt=10.0.20348.0=h57928b3_0
  - urllib3=1.26.7=pyhd8ed1ab_0
  - vc=14.2=hb210afc_5
  - vs2015_runtime=14.29.30037=h902a5da_5
  - wheel=0.37.0=pyhd8ed1ab_1
  - win_inet_pton=1.1.0=py39hcbf5309_2
prefix: C:\Users\cbarr02\AppData\Local\Continuum\miniconda3\envs\bls
